62,35
3,2
3,1
3,3
10,25
10,253
10,21
10,27
10,83
10,5
10,247
10,2
10,3
11,20
9,5
9,7
8,5
8,9
8,11
8,2
8,3
56,3
56,2
56,1
56,0
55,5
55,4
55,3
55,2
55,1
55,0
54,4
54,3
54,2
54,1
54,0
53,4
53,3
53,2
53,1
53,0
52,4
52,3
52,2
52,1
52,0
26,3
26,1
12,3
12,2
12,1
11,30
11,29
11,28
11,27
11,26
11,25
11,24
11,23
11,22
11,21
11,19
11,15
11,14
11,13
11,11
11,10
11,7
11,6
11,4
11,3
11,2
11,1
10,312
20,2
10,294
20,1
10,287
20,3
10,286
10,267
10,265
10,263
19,2
10,260
19,1
10,243
19,3
10,231
10,228
10,220
10,219
10,214
10,213
10,181
10,166
10,141
10,132
10,131
10,130
10,129
10,127
10,120
10,115
10,103
10,89
10,81
18,1
10,79
